All 0 preds - 
seed: 4200
MAE: 0.5239999999999999
MSE: 2.403885714285714
RMSE: 1.5504469401710315

0.8357246846982411
0.9281288796322685
0.8897992564610071
0.8966169416563851
0.8964051663534981
0.8396934272221155
1.1404914106982094
1.2570639558008738
0.9042187934092112
1.1404914106982094
0.5239999999999999
0.5239999999999999
1.1479857578107289
1.0272869917835508
1.054715051327433
0.896343721117292
0.894647775854383
1.7196206460680281
1.7196206460680281
1.677665754233088
0.8732825711965562
0.8924160530396869
0.9961282112428119
0.9961282112428119
0.9457578399011066
0.5239999999999999
0.5239999999999999
0.5239999999999999
0.5239999999999999
0.5239999999999999
0.5239999999999999
0.9191502333198274
1.0334738202435632
0.7882390624965939
0.5239999999999999
0.5239999999999999
0.5239999999999999
0.5239999999999999
0.5239999999999999
0.5239999999999999
0.5239999999999999
0.5239999999999999
0.702544798212392
0.702544798212392
