1.5220674820747655
1.5220674820747655
1.5220674820747655
1.5220674820747655
1.5220674820747655
1.5220674820747655
1.5220674820747655
1.5220674820747655
1.5220674820747655
1.5220674820747655
1.5216979014206136
1.5216979014206136
1.4753060794652826
1.5504469401710315
1.5504469401710315
1.5504477162503443
1.5343921320128218
1.5343921320128218
1.4653367603816272
1.5504469401710315
1.4893530306480784
1.4893530306480784
1.4680801180848397
1.517842497213071
1.4413914722946948
1.4938713844839437
1.5576217072882519
1.5328996544129188
1.6042848110658314
1.6042848110658314
