1.8195385927271812
1.825523607940661
1.825523607940661
1.825523607940661
1.825523607940661
1.8248479500550645
1.8248479500550645
1.825150042183905
1.8248479500550645
1.8266139267336028
1.82454635445756
1.8309720840306425
1.8254730876627367
1.826376046431187
1.8247513217107012
1.8234588994810563
1.8247513217107012
1.8263041626600633
1.821089218213378
1.8221341850442738
1.7141462364586961
1.825523607940661
1.825431912949591
1.8260581988769626
1.7249092015863294
1.825523607940661
1.8256894916755582
1.825523607940661
1.8220474362584584
1.8261676982438162
1.825523607940661
1.825523607940661
1.825523607940661
1.825523607940661
1.825523607940661
1.825523607940661
1.8247513217107012
1.8247513217107012
1.8247513217107012
1.8247513217107012
1.8247513217107012
1.8247513217107012
1.8247513217107012
1.8247513217107012
