0.6628064108311956
0.6676384839650146
0.6676384839650146
0.6676384839650146
0.6676384839650146
0.6692301302540059
0.6692301302540059
0.6663022611301077
0.6692301302540059
0.6750245803299173
0.6731385072535746
0.674321748772446
0.6687278865725237
0.6741248657682547
0.6833556303129947
0.6872784966282525
0.6833556303129947
0.6710589515919588
0.6697761442501413
0.6702188708691833
0.9254296032228555
0.6676384839650146
0.6675683882076608
0.6711903539412918
0.9785493120160117
0.6676384839650146
0.6699472919497476
0.6676384839650146
0.663637207826442
0.6710142609676883
0.6676384839650146
0.6676384839650146
0.6676384839650146
0.6676384839650146
0.6676384839650146
0.6676384839650146
0.6833556303129947
0.6833556303129947
0.6833556303129947
0.6833556303129947
0.6833556303129947
0.6833556303129947
0.6833556303129947
0.6833556303129947
