1.1092446252621397
1.1082760766474054
1.1082760766474054
1.1082760766474054
1.1082760766474054
1.1012715765457521
1.1012715765457521
1.1046464386512762
1.1012715765457521
1.107412286028402
1.1171388017455273
1.121276447241809
1.124312987053352
1.1025106586479005
1.1405585167875625
1.123928045475376
1.1405585167875625
1.1124117846350237
1.1252772760406762
1.1081215620794989
1.03614830407584
1.1080044970463934
1.1005158335543894
1.0959093052207343
1.0828340762326083
1.1070970857953077
1.1055740771936142
1.1082935154803646
1.1153063428928087
1.1091066652590533
1.1070970857953077
1.1070970857953077
1.1070970857953077
1.1070970857953077
1.1070970857953077
1.1070970857953077
1.1405585167875625
1.1405585167875625
1.1405585167875625
1.1405585167875625
1.1405585167875625
1.1405585167875625
1.1405585167875625
1.1405585167875625
