0.4230535674369198
0.41954022988505746
0.41954022988505746
0.41954022988505746
0.41954022988505746
0.4266959839853747
0.4266959839853747
0.4191005791740856
0.4266959839853747
0.43489772492441636
0.43332079224202824
0.4358526632703584
0.442258070255148
0.4173190196355184
0.4812545659898341
0.4534976550902443
0.4812545659898341
0.43787602857611646
0.45452061261253796
0.4291859317099911
0.7154118874977374
0.4194341158044749
0.4173481882303611
0.4170193052154848
0.8073467672042463
0.4188036733660205
0.4233290361261916
0.41987351028398534
0.44464291991858645
0.42863685098187676
0.4188036733660205
0.4188036733660205
0.4188036733660205
0.4188036733660205
0.4188036733660205
0.4188036733660205
0.4812545659898341
0.4812545659898341
0.4812545659898341
0.4812545659898341
0.4812545659898341
0.4812545659898341
0.4812545659898341
0.4812545659898341
